0.0000 6.8855
0.0100 8.6027
0.0200 7.6413
0.0300 6.9688
0.0400 7.8070
0.0501 7.7879
0.0601 6.2830
0.0701 7.6506
0.0801 6.9673
0.0901 6.1114
0.1001 8.0295
0.1101 7.1860
0.1201 6.5335
0.1301 6.0512
0.1401 6.5716
0.1502 7.5310
0.1602 6.8107
0.1702 8.3011
0.1802 7.2631
0.1902 7.5920
0.2002 7.3582
0.2102 6.6292
0.2202 7.8587
0.2302 8.1167
0.2402 7.3387
0.2503 6.6090
0.2603 8.4976
0.2703 9.7155
0.2803 6.6475
0.2903 7.7303
0.3003 8.0934
0.3103 8.5570
0.3203 7.3206
0.3303 8.1367
0.3403 8.5376
0.3504 8.9011
0.3604 9.3162
0.3704 7.6460
0.3804 7.5599
0.3904 7.5970
0.4004 8.0027
0.4104 8.1480
0.4204 7.6770
0.4304 9.4309
0.4404 7.2691
0.4505 7.0799
0.4605 8.2963
0.4705 8.6669
0.4805 8.9027
0.4905 7.9133
0.5005 7.5663
0.5105 8.9897
0.5205 7.7517
0.5305 8.9446
0.5405 9.2177
0.5506 8.3262
0.5606 9.3252
0.5706 9.0785
0.5806 8.7881
0.5906 9.7008
0.6006 9.1040
0.6106 9.7464
0.6206 9.2394
0.6306 9.7143
0.6406 8.9652
0.6507 8.6283
0.6607 10.4423
0.6707 8.3540
0.6807 8.5405
0.6907 9.7302
0.7007 9.6568
0.7107 9.0810
0.7207 9.0160
0.7307 8.3325
0.7407 9.6158
0.7508 9.7729
0.7608 9.5489
0.7708 10.1632
0.7808 9.2353
0.7908 9.5257
0.8008 10.1619
0.8108 9.8491
0.8208 9.5135
0.8308 9.9285
0.8408 9.8683
0.8509 10.0752
0.8609 9.8925
0.8709 9.6245
0.8809 9.5119
0.8909 10.1266
0.9009 10.6396
0.9109 11.1888
0.9209 11.3445
0.9309 11.2394
0.9409 11.2468
0.9510 9.9292
0.9610 10.4175
0.9710 11.3744
0.9810 10.6791
0.9910 11.1571
1.0010 10.4780
1.0110 11.1445
1.0210 9.8123
1.0310 11.8664
1.0410 10.0056
1.0511 10.3995
1.0611 10.8598
1.0711 10.1126
1.0811 10.8590
1.0911 11.3173
1.1011 11.9543
1.1111 9.3178
1.1211 12.8008
1.1311 10.2568
1.1411 10.1106
1.1512 11.1146
1.1612 11.7832
1.1712 10.5360
1.1812 11.3557
1.1912 11.0758
1.2012 12.4697
1.2112 10.2147
1.2212 11.4290
1.2312 9.5572
1.2412 12.4397
1.2513 12.1328
1.2613 12.2960
1.2713 11.0162
1.2813 11.0994
1.2913 11.5819
1.3013 11.6236
1.3113 10.7009
1.3213 11.9833
1.3313 13.1888
1.3413 11.3894
1.3514 11.0338
1.3614 13.8040
1.3714 11.9495
1.3814 11.3562
1.3914 11.3026
1.4014 12.9785
1.4114 12.8337
1.4214 12.1940
1.4314 11.7432
1.4414 11.9983
1.4515 11.1784
1.4615 12.1964
1.4715 11.6240
1.4815 11.4397
1.4915 13.0713
1.5015 11.7729
1.5115 13.5632
1.5215 10.5467
1.5315 12.2923
1.5415 13.1709
1.5516 12.6615
1.5616 12.0753
1.5716 12.8780
1.5816 13.1730
1.5916 12.4312
1.6016 14.4097
1.6116 10.9267
1.6216 11.2214
1.6316 13.5032
1.6416 13.7479
1.6517 13.9359
1.6617 13.6472
1.6717 13.4814
1.6817 13.3661
1.6917 13.3424
1.7017 13.9959
1.7117 13.4299
1.7217 11.9864
1.7317 14.2900
1.7417 13.3278
1.7518 13.6059
1.7618 13.9464
1.7718 13.7311
1.7818 12.9172
1.7918 13.6815
1.8018 14.4267
1.8118 13.3122
1.8218 13.8987
1.8318 14.1069
1.8418 13.7886
1.8519 12.7129
1.8619 14.0952
1.8719 13.4227
1.8819 13.8679
1.8919 13.5949
1.9019 14.8900
1.9119 14.0759
1.9219 13.8465
1.9319 14.2231
1.9419 14.0666
1.9520 13.4620
1.9620 15.5424
1.9720 12.3340
1.9820 14.7503
1.9920 14.8853
2.0020 14.0739
2.0120 14.4641
2.0220 14.3520
2.0320 14.7252
2.0420 14.8040
2.0521 14.4478
2.0621 15.4182
2.0721 16.1859
2.0821 15.7739
2.0921 14.7467
2.1021 12.5159
2.1121 14.4131
2.1221 14.1255
2.1321 15.2446
2.1421 16.3168
2.1522 13.8252
2.1622 14.0426
2.1722 14.5942
2.1822 13.0324
2.1922 14.0503
2.2022 16.5400
2.2122 16.1350
2.2222 14.8094
2.2322 15.8993
2.2422 15.5836
2.2523 14.7948
2.2623 14.4986
2.2723 15.3392
2.2823 15.6866
2.2923 15.7277
2.3023 15.4691
2.3123 16.8070
2.3223 14.9481
2.3323 17.3310
2.3423 15.5114
2.3524 15.0626
2.3624 15.8389
2.3724 16.0209
2.3824 15.7360
2.3924 15.4067
2.4024 16.4289
2.4124 15.9289
2.4224 15.3226
2.4324 16.5634
2.4424 16.5004
2.4525 15.5071
2.4625 16.2060
2.4725 16.5059
2.4825 16.3055
2.4925 16.1446
2.5025 15.5033
2.5125 16.6570
2.5225 15.9606
2.5325 18.3451
2.5425 16.4852
2.5526 16.3314
2.5626 17.7329
2.5726 18.5510
2.5826 17.3221
2.5926 17.0537
2.6026 16.3449
2.6126 17.5866
2.6226 17.6469
2.6326 16.3778
2.6426 16.4177
2.6527 18.0152
2.6627 17.5048
2.6727 17.3721
2.6827 18.0814
2.6927 18.3783
2.7027 17.7094
2.7127 16.6365
2.7227 16.9472
2.7327 18.5387
2.7427 17.0864
2.7528 17.2885
2.7628 18.0493
2.7728 17.9383
2.7828 16.6863
2.7928 15.6252
2.8028 15.5312
2.8128 19.0982
2.8228 17.7475
2.8328 17.3332
2.8428 19.0855
2.8529 18.0262
2.8629 16.9775
2.8729 17.7707
2.8829 17.1290
2.8929 16.8310
2.9029 18.7095
2.9129 18.3516
2.9229 18.0779
2.9329 18.5630
2.9429 18.8511
2.9530 18.0495
2.9630 18.2947
2.9730 16.2604
2.9830 17.7834
2.9930 17.1933
3.0030 18.9957
3.0130 18.8301
3.0230 17.3130
3.0330 17.5617
3.0430 17.1394
3.0531 17.2290
3.0631 17.9689
3.0731 19.4028
3.0831 17.5748
3.0931 17.9461
3.1031 19.6809
3.1131 17.6206
3.1231 17.2059
3.1331 18.0681
3.1431 17.1898
3.1532 18.4877
3.1632 20.1632
3.1732 19.6679
3.1832 19.9861
3.1932 17.5983
3.2032 17.2829
3.2132 17.9385
3.2232 18.0377
3.2332 18.5888
3.2432 20.0761
3.2533 18.9802
3.2633 19.0564
3.2733 19.6095
3.2833 19.2901
3.2933 19.3322
3.3033 20.4195
3.3133 18.5061
3.3233 18.3800
3.3333 19.5702
3.3433 19.5282
3.3534 18.4949
3.3634 19.8783
3.3734 19.4663
3.3834 19.3116
3.3934 19.3324
3.4034 20.4992
3.4134 20.8926
3.4234 20.8625
3.4334 20.0938
3.4434 21.2527
3.4535 19.1336
3.4635 19.9507
3.4735 21.0777
3.4835 20.7428
3.4935 21.2051
3.5035 18.9278
3.5135 20.2226
3.5235 19.0862
3.5335 20.8153
3.5435 21.8220
3.5536 20.5200
3.5636 20.2639
3.5736 20.8178
3.5836 20.0061
3.5936 21.4691
3.6036 19.7430
3.6136 19.7972
3.6236 21.2287
3.6336 22.3211
3.6436 20.6225
3.6537 19.9600
3.6637 19.8085
3.6737 20.6827
3.6837 22.2310
3.6937 21.0210
3.7037 20.4506
3.7137 22.1116
3.7237 20.6953
3.7337 20.8047
3.7437 21.1235
3.7538 21.3422
3.7638 21.7492
3.7738 21.4356
3.7838 20.1402
3.7938 20.5278
3.8038 21.5498
3.8138 20.9058
3.8238 22.3454
3.8338 21.1023
3.8438 22.4217
3.8539 22.5152
3.8639 21.2915
3.8739 20.6832
3.8839 20.5205
3.8939 21.6773
3.9039 22.2057
3.9139 20.9534
3.9239 22.1411
3.9339 21.2043
3.9439 21.8561
3.9540 22.1482
3.9640 21.0487
3.9740 22.3574
3.9840 22.3607
3.9940 22.4392
4.0040 22.7469
4.0140 21.6306
4.0240 21.7722
4.0340 23.6211
4.0440 22.6929
4.0541 21.3178
4.0641 23.4109
4.0741 21.8916
4.0841 22.4698
4.0941 23.1898
4.1041 21.8714
4.1141 23.4104
4.1241 23.8718
4.1341 21.6287
4.1441 22.7099
4.1542 21.8966
4.1642 24.4320
4.1742 24.1043
4.1842 22.6451
4.1942 21.6917
4.2042 22.9899
4.2142 22.4874
4.2242 22.5344
4.2342 23.1572
4.2442 23.4619
4.2543 23.8761
4.2643 24.8009
4.2743 22.4500
4.2843 22.7945
4.2943 24.4331
4.3043 23.1253
4.3143 23.1923
4.3243 23.6019
4.3343 22.1190
4.3443 23.0822
4.3544 24.3485
4.3644 22.8935
4.3744 24.5380
4.3844 22.9543
4.3944 23.4366
4.4044 23.0249
4.4144 22.5578
4.4244 23.9474
4.4344 23.2166
4.4444 23.8739
4.4545 25.2203
4.4645 23.3845
4.4745 23.3040
4.4845 24.3393
4.4945 23.5881
4.5045 24.3012
4.5145 23.2597
4.5245 23.2711
4.5345 24.3781
4.5445 25.0714
4.5546 25.8905
4.5646 24.6143
4.5746 23.8478
4.5846 25.3520
4.5946 23.7966
4.6046 23.7433
4.6146 25.1448
4.6246 25.4610
4.6346 23.0642
4.6446 24.6864
4.6547 24.0227
4.6647 25.0638
4.6747 23.8331
4.6847 25.8915
4.6947 25.3410
4.7047 25.3030
4.7147 25.3832
4.7247 23.6024
4.7347 24.0882
4.7447 24.3984
4.7548 25.2176
4.7648 24.9159
4.7748 23.7422
4.7848 24.0304
4.7948 26.3058
4.8048 25.5027
4.8148 25.5811
4.8248 24.0681
4.8348 25.2637
4.8448 24.8302
4.8549 24.5942
4.8649 25.7824
4.8749 25.7595
4.8849 25.0110
4.8949 25.2880
4.9049 25.1190
4.9149 26.0393
4.9249 26.8345
4.9349 24.0504
4.9449 25.7641
4.9550 24.9921
4.9650 26.8445
4.9750 25.1547
4.9850 25.0862
4.9950 23.9259
5.0050 24.7818
5.0150 26.5193
5.0250 26.1459
5.0350 25.6353
5.0450 26.8531
5.0551 26.5432
5.0651 25.9120
5.0751 27.2092
5.0851 26.4350
5.0951 26.6856
5.1051 27.0157
5.1151 27.3096
5.1251 26.7116
5.1351 27.3993
5.1451 27.2478
5.1552 26.0373
5.1652 26.0175
5.1752 26.3679
5.1852 26.4521
5.1952 25.5690
5.2052 28.0847
5.2152 27.4984
5.2252 27.4375
5.2352 26.3816
5.2452 26.6729
5.2553 27.9826
5.2653 28.1075
5.2753 26.3623
5.2853 27.3535
5.2953 27.1369
5.3053 27.2618
5.3153 25.5517
5.3253 27.8087
5.3353 25.9481
5.3453 27.1900
5.3554 27.3597
5.3654 27.7881
5.3754 27.3798
5.3854 27.2654
5.3954 26.1336
5.4054 27.8253
5.4154 27.0858
5.4254 28.1825
5.4354 27.6687
5.4454 27.9874
5.4555 28.5311
5.4655 28.4706
5.4755 27.9321
5.4855 27.0905
5.4955 27.4405
5.5055 27.8101
5.5155 28.2629
5.5255 27.8675
5.5355 30.0824
5.5455 28.8300
5.5556 27.7159
5.5656 27.9838
5.5756 27.7030
5.5856 28.9483
5.5956 28.6608
5.6056 27.2535
5.6156 28.0690
5.6256 27.3775
5.6356 26.8798
5.6456 28.0885
5.6557 26.3437
5.6657 29.2744
5.6757 28.7399
5.6857 27.2669
5.6957 28.1472
5.7057 27.7899
5.7157 28.0335
5.7257 27.1519
5.7357 28.3522
5.7457 30.0113
5.7558 28.2037
5.7658 28.6100
5.7758 28.3713
5.7858 29.8206
5.7958 28.6300
5.8058 29.0985
5.8158 29.1058
5.8258 29.7964
5.8358 28.1714
5.8458 28.5949
5.8559 27.3053
5.8659 29.8213
5.8759 29.2295
5.8859 29.3524
5.8959 27.9035
5.9059 28.4482
5.9159 28.2670
5.9259 29.5815
5.9359 30.2079
5.9459 29.8573
5.9560 29.2807
5.9660 30.2919
5.9760 30.3321
5.9860 28.0513
5.9960 30.7980
6.0060 28.7394
6.0160 29.0955
6.0260 28.6487
6.0360 30.5505
6.0460 29.4821
6.0561 30.5570
6.0661 30.7644
6.0761 30.5446
6.0861 30.0405
6.0961 28.4035
6.1061 29.0712
6.1161 30.1537
6.1261 30.6754
6.1361 29.9448
6.1461 30.8294
6.1562 30.1243
6.1662 31.2518
6.1762 30.1131
6.1862 29.8977
6.1962 29.8037
6.2062 29.3815
6.2162 30.6497
6.2262 31.9817
6.2362 31.0360
6.2462 29.8850
6.2563 31.4912
6.2663 31.6236
6.2763 29.1718
6.2863 30.3859
6.2963 31.0101
6.3063 29.7302
6.3163 31.2182
6.3263 31.3350
6.3363 31.4561
6.3463 32.1073
6.3564 30.8339
6.3664 29.8652
6.3764 30.9661
6.3864 31.5498
6.3964 31.3308
6.4064 31.7157
6.4164 31.1114
6.4264 31.5446
6.4364 31.0591
6.4464 32.4976
6.4565 32.4526
6.4665 31.2774
6.4765 31.9999
6.4865 32.7899
6.4965 32.1786
6.5065 32.0717
6.5165 33.6212
6.5265 30.9561
6.5365 31.6003
6.5465 32.5996
6.5566 34.0435
6.5666 30.1999
6.5766 31.8446
6.5866 32.2726
6.5966 32.3861
6.6066 31.3213
6.6166 32.0579
6.6266 31.4200
6.6366 31.7674
6.6466 33.4189
6.6567 32.5083
6.6667 30.6917
6.6767 32.8464
6.6867 32.1378
6.6967 32.4594
6.7067 31.2993
6.7167 33.5163
6.7267 33.1420
6.7367 31.5367
6.7467 31.8087
6.7568 31.7325
6.7668 32.4929
6.7768 31.8243
6.7868 33.6185
6.7968 33.4806
6.8068 33.3767
6.8168 33.4613
6.8268 34.4129
6.8368 32.9080
6.8468 34.3084
6.8569 31.1194
6.8669 32.1600
6.8769 30.9497
6.8869 32.8095
6.8969 33.8118
6.9069 33.2706
6.9169 32.6854
6.9269 34.2033
6.9369 34.1437
6.9469 33.3629
6.9570 32.5790
6.9670 33.3694
6.9770 32.8613
6.9870 34.2139
6.9970 34.8250
7.0070 34.2259
7.0170 34.3991
7.0270 33.2565
7.0370 33.5876
7.0470 33.8677
7.0571 34.1300
7.0671 34.8180
7.0771 34.0815
7.0871 34.0412
7.0971 33.4472
7.1071 33.5945
7.1171 34.5761
7.1271 33.9741
7.1371 34.2042
7.1471 34.0989
7.1572 34.3679
7.1672 35.6167
7.1772 34.0069
7.1872 35.3620
7.1972 34.6223
7.2072 33.9395
7.2172 35.1483
7.2272 32.9410
7.2372 36.5447
7.2472 34.2698
7.2573 34.1486
7.2673 35.4357
7.2773 34.3959
7.2873 35.7956
7.2973 34.2080
7.3073 34.2871
7.3173 35.1090
7.3273 34.0893
7.3373 33.8321
7.3473 34.9209
7.3574 34.5724
7.3674 35.3161
7.3774 35.6957
7.3874 33.9984
7.3974 33.0703
7.4074 34.8671
7.4174 34.5961
7.4274 35.6693
7.4374 35.5908
7.4474 35.6912
7.4575 34.9119
7.4675 36.7475
7.4775 35.2559
7.4875 35.7666
7.4975 35.4135
7.5075 35.5504
7.5175 36.1535
7.5275 34.8898
7.5375 36.2747
7.5475 35.1822
7.5576 36.2607
7.5676 35.0094
7.5776 35.0448
7.5876 35.1294
7.5976 35.0715
7.6076 36.8784
7.6176 36.4903
7.6276 36.3012
7.6376 36.7705
7.6476 34.9969
7.6577 36.2724
7.6677 36.3063
7.6777 35.3451
7.6877 36.3479
7.6977 36.6927
7.7077 36.7104
7.7177 36.6868
7.7277 35.5795
7.7377 35.7247
7.7477 37.3046
7.7578 38.5453
7.7678 36.4573
7.7778 36.2991
7.7878 36.3809
7.7978 37.0521
7.8078 35.8152
7.8178 36.4910
7.8278 35.9634
7.8378 36.4001
7.8478 37.9292
7.8579 36.5999
7.8679 37.5530
7.8779 36.0021
7.8879 36.6158
7.8979 36.5896
7.9079 37.3702
7.9179 36.1813
7.9279 36.7398
7.9379 37.1905
7.9479 38.4938
7.9580 36.3666
7.9680 35.9280
7.9780 37.4108
7.9880 37.3460
7.9980 36.8285
8.0080 37.7648
8.0180 38.5799
8.0280 37.1643
8.0380 37.6186
8.0480 37.5758
8.0581 38.1672
8.0681 37.6032
8.0781 36.9080
8.0881 36.9151
8.0981 37.2364
8.1081 38.0630
8.1181 36.8780
8.1281 38.7723
8.1381 37.1126
8.1481 39.2898
8.1582 38.1205
8.1682 38.5173
8.1782 38.7005
8.1882 37.6656
8.1982 37.9320
8.2082 39.0282
8.2182 38.3100
8.2282 38.2408
8.2382 37.7673
8.2482 37.3169
8.2583 38.5535
8.2683 36.9781
8.2783 40.1254
8.2883 39.5098
8.2983 39.4908
8.3083 39.7568
8.3183 38.9478
8.3283 37.5501
8.3383 39.2158
8.3483 38.6105
8.3584 38.9941
8.3684 38.9715
8.3784 38.1828
8.3884 39.7392
8.3984 39.1979
8.4084 39.2511
8.4184 38.2015
8.4284 39.1553
8.4384 38.9401
8.4484 38.9008
8.4585 38.1738
8.4685 37.3870
8.4785 39.0725
8.4885 40.2357
8.4985 39.3194
8.5085 38.9952
8.5185 38.0608
8.5285 40.7747
8.5385 39.8300
8.5485 39.3755
8.5586 39.5863
8.5686 39.3873
8.5786 38.9738
8.5886 40.0443
8.5986 39.2777
8.6086 38.6331
8.6186 40.1447
8.6286 40.7545
8.6386 40.1001
8.6486 39.4788
8.6587 39.5877
8.6687 40.4985
8.6787 40.2863
8.6887 39.8456
8.6987 40.3732
8.7087 40.9455
8.7187 39.6638
8.7287 40.4111
8.7387 39.3167
8.7487 39.4621
8.7588 39.5807
8.7688 40.0674
8.7788 39.2429
8.7888 40.9522
8.7988 41.3525
8.8088 40.0010
8.8188 40.9204
8.8288 40.3708
8.8388 41.0082
8.8488 40.4766
8.8589 41.1590
8.8689 39.1944
8.8789 41.0834
8.8889 42.1532
8.8989 41.5753
8.9089 40.5528
8.9189 39.7246
8.9289 41.0438
8.9389 40.3628
8.9489 41.4165
8.9590 40.2603
8.9690 40.8770
8.9790 41.7799
8.9890 40.3947
8.9990 41.3508
9.0090 40.5396
9.0190 40.4941
9.0290 41.5989
9.0390 41.3645
9.0490 41.4001
9.0591 39.9458
9.0691 40.8192
9.0791 40.7417
9.0891 41.5572
9.0991 41.1648
9.1091 43.0121
9.1191 40.6563
9.1291 42.0075
9.1391 42.3303
9.1491 41.8633
9.1592 40.7945
9.1692 42.4305
9.1792 40.0186
9.1892 42.9743
9.1992 42.1596
9.2092 41.5415
9.2192 42.4057
9.2292 41.2819
9.2392 41.7842
9.2492 42.5738
9.2593 42.0001
9.2693 41.0473
9.2793 43.1629
9.2893 43.6468
9.2993 40.9891
9.3093 42.7661
9.3193 40.8022
9.3293 40.7873
9.3393 43.3242
9.3493 41.8353
9.3594 41.8448
9.3694 42.7494
9.3794 42.9517
9.3894 43.0034
9.3994 43.0426
9.4094 42.4051
9.4194 43.1634
9.4294 43.6534
9.4394 42.1742
9.4494 43.1059
9.4595 41.0724
9.4695 42.5256
9.4795 43.9304
9.4895 44.8589
9.4995 42.2489
9.5095 43.1889
9.5195 42.9699
9.5295 43.1141
9.5395 43.1249
9.5495 42.7228
9.5596 42.6700
9.5696 42.7365
9.5796 44.9337
9.5896 43.3591
9.5996 43.7819
9.6096 42.9914
9.6196 43.8378
9.6296 43.9312
9.6396 43.1174
9.6496 41.2134
9.6597 43.7163
9.6697 43.6706
9.6797 43.8055
9.6897 43.2233
9.6997 43.1833
9.7097 42.7148
9.7197 43.4732
9.7297 43.7227
9.7397 43.0662
9.7497 45.4622
9.7598 43.8001
9.7698 43.4014
9.7798 42.9289
9.7898 43.1274
9.7998 43.8637
9.8098 43.0978
9.8198 44.8548
9.8298 43.1156
9.8398 44.3164
9.8498 43.3296
9.8599 44.3100
9.8699 43.9693
9.8799 43.0977
9.8899 44.3370
9.8999 44.1108
9.9099 44.7474
9.9199 45.2077
9.9299 43.6977
9.9399 44.5595
9.9499 44.3329
9.9600 45.4024
9.9700 44.0036
9.9800 44.7867
9.9900 45.5732
10.0000 43.2727
