0.0000 8.4796
0.0100 7.3933
0.0200 8.2910
0.0300 8.8821
0.0400 7.4161
0.0501 7.0562
0.0601 6.8969
0.0701 6.5755
0.0801 8.6719
0.0901 7.8746
0.1001 9.2806
0.1101 8.2377
0.1201 5.8770
0.1301 7.6112
0.1401 8.1634
0.1502 3.2977
0.1602 8.8921
0.1702 7.5102
0.1802 5.6522
0.1902 8.6146
0.2002 6.0379
0.2102 8.6019
0.2202 6.1299
0.2302 7.6098
0.2402 9.1047
0.2503 8.0664
0.2603 9.7602
0.2703 8.3387
0.2803 7.3380
0.2903 10.2219
0.3003 10.7599
0.3103 9.5379
0.3203 6.8363
0.3303 9.0431
0.3403 10.2752
0.3504 9.2543
0.3604 12.5031
0.3704 5.2009
0.3804 8.1221
0.3904 12.2320
0.4004 9.6541
0.4104 8.5165
0.4204 4.8451
0.4304 10.4236
0.4404 6.2242
0.4505 10.7709
0.4605 8.3444
0.4705 8.8433
0.4805 7.4803
0.4905 8.2730
0.5005 9.8950
0.5105 9.3370
0.5205 9.6848
0.5305 9.7553
0.5405 6.7356
0.5506 9.0583
0.5606 9.7401
0.5706 9.0442
0.5806 7.3715
0.5906 9.1298
0.6006 10.2090
0.6106 10.6602
0.6206 10.3963
0.6306 8.7480
0.6406 10.3192
0.6507 11.0999
0.6607 8.0564
0.6707 10.1814
0.6807 8.2844
0.6907 7.6996
0.7007 7.5028
0.7107 7.3572
0.7207 9.3242
0.7307 7.7734
0.7407 8.8670
0.7508 10.6157
0.7608 9.2184
0.7708 8.6876
0.7808 9.5217
0.7908 10.8892
0.8008 9.5351
0.8108 11.3307
0.8208 9.6456
0.8308 12.2562
0.8408 13.9750
0.8509 9.0199
0.8609 9.3946
0.8709 7.9968
0.8809 6.9355
0.8909 13.1448
0.9009 9.0438
0.9109 12.3136
0.9209 14.1209
0.9309 13.1567
0.9409 9.5795
0.9510 12.2233
0.9610 9.1689
0.9710 9.1198
0.9810 11.2530
0.9910 13.6620
1.0010 11.3081
1.0110 10.9672
1.0210 11.1062
1.0310 13.3174
1.0410 9.2988
1.0511 11.7437
1.0611 12.3586
1.0711 11.5030
1.0811 11.8016
1.0911 7.4047
1.1011 12.2287
1.1111 10.3918
1.1211 13.2710
1.1311 9.2199
1.1411 12.9694
1.1512 10.0160
1.1612 12.6365
1.1712 11.5765
1.1812 14.2264
1.1912 10.9826
1.2012 11.4271
1.2112 11.8099
1.2212 10.3382
1.2312 12.0684
1.2412 14.9252
1.2513 10.9852
1.2613 9.5833
1.2713 13.3869
1.2813 11.1679
1.2913 13.4781
1.3013 11.6051
1.3113 14.6559
1.3213 12.6144
1.3313 9.5991
1.3413 15.1871
1.3514 12.7280
1.3614 12.8762
1.3714 13.2391
1.3814 12.2690
1.3914 15.1472
1.4014 13.0025
1.4114 12.3280
1.4214 11.1908
1.4314 12.9125
1.4414 13.1427
1.4515 12.6213
1.4615 11.8002
1.4715 13.8872
1.4815 14.9324
1.4915 12.9278
1.5015 8.3141
1.5115 15.8744
1.5215 11.5160
1.5315 11.0438
1.5415 14.5452
1.5516 15.6980
1.5616 11.9685
1.5716 12.5392
1.5816 12.4482
1.5916 11.6116
1.6016 11.9968
1.6116 13.7560
1.6216 12.1918
1.6316 13.3911
1.6416 16.2627
1.6517 13.2199
1.6617 14.8561
1.6717 13.3925
1.6817 13.5563
1.6917 15.7059
1.7017 12.7228
1.7117 10.8943
1.7217 12.0965
1.7317 14.2738
1.7417 15.5666
1.7518 15.7325
1.7618 13.1944
1.7718 10.8649
1.7818 9.9018
1.7918 14.2478
1.8018 17.1586
1.8118 16.5738
1.8218 12.3901
1.8318 18.0541
1.8418 16.4591
1.8519 15.2387
1.8619 14.5735
1.8719 15.9149
1.8819 13.2188
1.8919 17.5537
1.9019 16.8219
1.9119 15.4740
1.9219 14.2234
1.9319 14.7401
1.9419 17.4553
1.9520 14.0766
1.9620 13.2626
1.9720 14.4217
1.9820 12.1212
1.9920 16.2218
2.0020 14.2796
2.0120 13.6819
2.0220 13.4491
2.0320 17.5038
2.0420 13.2739
2.0521 15.9427
2.0621 13.5850
2.0721 13.0948
2.0821 14.0245
2.0921 15.2295
2.1021 15.4871
2.1121 15.7560
2.1221 13.8052
2.1321 16.5248
2.1421 18.2713
2.1522 15.9222
2.1622 16.8189
2.1722 15.1145
2.1822 11.0301
2.1922 16.0871
2.2022 15.4176
2.2122 15.5970
2.2222 16.5605
2.2322 15.8172
2.2422 17.9937
2.2523 15.8538
2.2623 17.4232
2.2723 17.5300
2.2823 14.9028
2.2923 13.1361
2.3023 16.0892
2.3123 20.2720
2.3223 17.8829
2.3323 15.9485
2.3423 16.0255
2.3524 17.1033
2.3624 15.8396
2.3724 19.2781
2.3824 15.7704
2.3924 16.7725
2.4024 18.1716
2.4124 15.4117
2.4224 17.9273
2.4324 16.8486
2.4424 16.8594
2.4525 18.4558
2.4625 18.8192
2.4725 15.0367
2.4825 15.8875
2.4925 16.2446
2.5025 20.3469
2.5125 16.8149
2.5225 15.0213
2.5325 17.4799
2.5425 16.3115
2.5526 20.4827
2.5626 19.8451
2.5726 17.7124
2.5826 17.4722
2.5926 17.9278
2.6026 16.4032
2.6126 20.6186
2.6226 17.5061
2.6326 18.4779
2.6426 19.6082
2.6527 18.0656
2.6627 19.4038
2.6727 19.7301
2.6827 18.1782
2.6927 19.6826
2.7027 19.4302
2.7127 16.5299
2.7227 21.5657
2.7327 20.3518
2.7427 18.7359
2.7528 18.7648
2.7628 19.5690
2.7728 18.3308
2.7828 19.1977
2.7928 21.8258
2.8028 21.5723
2.8128 19.0655
2.8228 18.7890
2.8328 18.1464
2.8428 17.9873
2.8529 19.1587
2.8629 18.9514
2.8729 20.3484
2.8829 16.5883
2.8929 21.2770
2.9029 20.4569
2.9129 19.8804
2.9229 16.2820
2.9329 21.2012
2.9429 17.9228
2.9530 18.3642
2.9630 20.7595
2.9730 19.9553
2.9830 20.9957
2.9930 18.2417
3.0030 22.7158
3.0130 19.7987
3.0230 22.1099
3.0330 21.5557
3.0430 21.1644
3.0531 19.4290
3.0631 19.7810
3.0731 21.1916
3.0831 23.8688
3.0931 18.8252
3.1031 22.0235
3.1131 20.9470
3.1231 20.9681
3.1331 17.9096
3.1431 20.8362
3.1532 18.9129
3.1632 21.5880
3.1732 21.3445
3.1832 17.8244
3.1932 19.7915
3.2032 21.9303
3.2132 19.8577
3.2232 22.8319
3.2332 21.0369
3.2432 21.6863
3.2533 21.3954
3.2633 22.3332
3.2733 17.6293
3.2833 24.3427
3.2933 23.1495
3.3033 22.4460
3.3133 21.0152
3.3233 22.4383
3.3333 21.0550
3.3433 19.3336
3.3534 22.6190
3.3634 19.8369
3.3734 21.5734
3.3834 24.1778
3.3934 23.5624
3.4034 23.1158
3.4134 20.6788
3.4234 19.5752
3.4334 20.3317
3.4434 21.3259
3.4535 23.1359
3.4635 20.1596
3.4735 23.6478
3.4835 20.8681
3.4935 23.7648
3.5035 23.0039
3.5135 22.3156
3.5235 21.5373
3.5335 24.3600
3.5435 19.1986
3.5536 22.4217
3.5636 21.5585
3.5736 25.7402
3.5836 24.0543
3.5936 21.7906
3.6036 25.4024
3.6136 25.9064
3.6236 23.2845
3.6336 25.3975
3.6436 24.0539
3.6537 20.8242
3.6637 22.5470
3.6737 24.6284
3.6837 23.1621
3.6937 24.0145
3.7037 23.2806
3.7137 22.0534
3.7237 25.1553
3.7337 23.7899
3.7437 26.3788
3.7538 22.1770
3.7638 23.6763
3.7738 22.8318
3.7838 23.1986
3.7938 26.6363
3.8038 25.0717
3.8138 25.5316
3.8238 24.9105
3.8338 21.3008
3.8438 21.1633
3.8539 21.2465
3.8639 24.6683
3.8739 26.2756
3.8839 26.3550
3.8939 23.7585
3.9039 25.2636
3.9139 24.7301
3.9239 23.1056
3.9339 24.6260
3.9439 24.5329
3.9540 25.0979
3.9640 24.0231
3.9740 24.3019
3.9840 25.0277
3.9940 25.4190
4.0040 25.4408
4.0140 25.3519
4.0240 21.1591
4.0340 27.0372
4.0440 24.7384
4.0541 26.5828
4.0641 26.8967
4.0741 26.9349
4.0841 26.7882
4.0941 26.3422
4.1041 24.2816
4.1141 26.9098
4.1241 27.0171
4.1341 21.8103
4.1441 27.7048
4.1542 26.0804
4.1642 25.3823
4.1742 24.1551
4.1842 26.6245
4.1942 27.7484
4.2042 24.9426
4.2142 26.1515
4.2242 26.8681
4.2342 25.5344
4.2442 23.2105
4.2543 26.5357
4.2643 25.4228
4.2743 25.7684
4.2843 28.1048
4.2943 26.9318
4.3043 28.8077
4.3143 28.3118
4.3243 26.6963
4.3343 26.2932
4.3443 25.1650
4.3544 28.4168
4.3644 28.6644
4.3744 25.8757
4.3844 29.4506
4.3944 26.5065
4.4044 27.7725
4.4144 27.6262
4.4244 30.1539
4.4344 28.7080
4.4444 27.0650
4.4545 25.1638
4.4645 26.6997
4.4745 27.3764
4.4845 29.7829
4.4945 28.6092
4.5045 26.2020
4.5145 27.0344
4.5245 28.4869
4.5345 29.7946
4.5445 25.0705
4.5546 27.0313
4.5646 27.6687
4.5746 30.2427
4.5846 29.0908
4.5946 29.3734
4.6046 28.4374
4.6146 27.7962
4.6246 27.5702
4.6346 27.6688
4.6446 27.5114
4.6547 27.9315
4.6647 29.4411
4.6747 26.3909
4.6847 29.0472
4.6947 26.2210
4.7047 29.8661
4.7147 28.5964
4.7247 29.3994
4.7347 32.4918
4.7447 29.2795
4.7548 32.2566
4.7648 31.5955
4.7748 25.9310
4.7848 29.8242
4.7948 30.6651
4.8048 29.5788
4.8148 28.3699
4.8248 34.0382
4.8348 32.9188
4.8448 29.2881
4.8549 29.4188
4.8649 31.5244
4.8749 33.8975
4.8849 30.5766
4.8949 28.9974
4.9049 29.6648
4.9149 32.2737
4.9249 29.5082
4.9349 30.2093
4.9449 30.0329
4.9550 31.8620
4.9650 32.2709
4.9750 30.2246
4.9850 30.4745
4.9950 28.0619
5.0050 32.5022
5.0150 27.8768
5.0250 35.0802
5.0350 30.6170
5.0450 30.9958
5.0551 32.2441
5.0651 32.0658
5.0751 31.2690
5.0851 31.8067
5.0951 29.8797
5.1051 31.3283
5.1151 31.4570
5.1251 31.4948
5.1351 32.8740
5.1451 31.4346
5.1552 31.4658
5.1652 32.1266
5.1752 30.2599
5.1852 30.4551
5.1952 31.0002
5.2052 33.5391
5.2152 28.7997
5.2252 33.6041
5.2352 31.7031
5.2452 33.9010
5.2553 29.3970
5.2653 31.0844
5.2753 32.4911
5.2853 30.2750
5.2953 35.2075
5.3053 33.0514
5.3153 34.9557
5.3253 32.3852
5.3353 32.5835
5.3453 33.6323
5.3554 31.6931
5.3654 35.7181
5.3754 32.6573
5.3854 35.5145
5.3954 36.1424
5.4054 35.1005
5.4154 34.8294
5.4254 33.9359
5.4354 34.1386
5.4454 31.8459
5.4555 31.9695
5.4655 34.7717
5.4755 31.6900
5.4855 35.6331
5.4955 32.2683
5.5055 31.2774
5.5155 37.2451
5.5255 31.6817
5.5355 35.8145
5.5455 32.1877
5.5556 34.4739
5.5656 34.2114
5.5756 36.2148
5.5856 35.0384
5.5956 31.4407
5.6056 32.7471
5.6156 34.6886
5.6256 35.1335
5.6356 37.2177
5.6456 33.4334
5.6557 34.2756
5.6657 36.2974
5.6757 34.3151
5.6857 36.4918
5.6957 36.5619
5.7057 36.4900
5.7157 35.2672
5.7257 36.1256
5.7357 34.1194
5.7457 35.5204
5.7558 36.7876
5.7658 38.0864
5.7758 33.9006
5.7858 35.4588
5.7958 37.1804
5.8058 37.8578
5.8158 34.2509
5.8258 34.0915
5.8358 36.7529
5.8458 37.1419
5.8559 33.0054
5.8659 37.3457
5.8759 34.8707
5.8859 35.2628
5.8959 37.8348
5.9059 34.4112
5.9159 33.7417
5.9259 38.2564
5.9359 36.1915
5.9459 36.5003
5.9560 37.5315
5.9660 34.8637
5.9760 38.3276
5.9860 37.6947
5.9960 37.4827
6.0060 36.5498
6.0160 36.1323
6.0260 37.0523
6.0360 35.0237
6.0460 35.3450
6.0561 35.8657
6.0661 35.8847
6.0761 36.3143
6.0861 37.7153
6.0961 37.3100
6.1061 38.2703
6.1161 39.1081
6.1261 37.3361
6.1361 37.9347
6.1461 38.0578
6.1562 36.6828
6.1662 40.4776
6.1762 37.9027
6.1862 34.5912
6.1962 38.7163
6.2062 34.1573
6.2162 38.6661
6.2262 39.7553
6.2362 34.6450
6.2462 39.5148
6.2563 39.5968
6.2663 40.3605
6.2763 39.5354
6.2863 40.2808
6.2963 39.4351
6.3063 37.4444
6.3163 37.0365
6.3263 39.0616
6.3363 39.9795
6.3463 37.6089
6.3564 37.9799
6.3664 39.8746
6.3764 40.4657
6.3864 38.6857
6.3964 40.9740
6.4064 41.5008
6.4164 40.2574
6.4264 40.3351
6.4364 40.5995
6.4464 38.8225
6.4565 39.8284
6.4665 36.8723
6.4765 38.4680
6.4865 39.6080
6.4965 37.1092
6.5065 39.9687
6.5165 40.6649
6.5265 38.9322
6.5365 39.5681
6.5465 39.0053
6.5566 40.9737
6.5666 41.1809
6.5766 39.9953
6.5866 43.3486
6.5966 43.5139
6.6066 38.3382
6.6166 40.7296
6.6266 42.2479
6.6366 42.2636
6.6466 39.3492
6.6567 38.8319
6.6667 39.9310
6.6767 40.1599
6.6867 42.9369
6.6967 41.7736
6.7067 42.6451
6.7167 42.1950
6.7267 42.4641
6.7367 41.6097
6.7467 42.3450
6.7568 41.5534
6.7668 39.4577
6.7768 42.2239
6.7868 42.3893
6.7968 43.8888
6.8068 40.1856
6.8168 41.4798
6.8268 42.9407
6.8368 39.6812
6.8468 41.1895
6.8569 42.1617
6.8669 42.2042
6.8769 42.7505
6.8869 42.6560
6.8969 45.4027
6.9069 43.4364
6.9169 43.8682
6.9269 43.0845
6.9369 44.0087
6.9469 42.0923
6.9570 40.3322
6.9670 42.8625
6.9770 41.7976
6.9870 44.0947
6.9970 46.2665
7.0070 44.6939
7.0170 42.7649
7.0270 43.2561
7.0370 43.7470
7.0470 42.1739
7.0571 45.1656
7.0671 43.1400
7.0771 43.5931
7.0871 45.9635
7.0971 45.3335
7.1071 44.1713
7.1171 39.8710
7.1271 43.2668
7.1371 46.9778
7.1471 44.8763
7.1572 47.5370
7.1672 43.1715
7.1772 44.2391
7.1872 42.7158
7.1972 44.3658
7.2072 47.0766
7.2172 41.1417
7.2272 43.8008
7.2372 44.5210
7.2472 44.5312
7.2573 44.3265
7.2673 45.1232
7.2773 45.9246
7.2873 44.9681
7.2973 45.1850
7.3073 45.0153
7.3173 46.3597
7.3273 46.8196
7.3373 44.3555
7.3473 45.6738
7.3574 44.1734
7.3674 46.2505
7.3774 47.5964
7.3874 44.1149
7.3974 46.2362
7.4074 44.8433
7.4174 44.2379
7.4274 47.8821
7.4374 47.5871
7.4474 46.7534
7.4575 47.0289
7.4675 46.9419
7.4775 48.5449
7.4875 49.7648
7.4975 46.1037
7.5075 48.3787
7.5175 45.2466
7.5275 47.0485
7.5375 46.4853
7.5475 46.6443
7.5576 46.2783
7.5676 48.7216
7.5776 48.3039
7.5876 47.5699
7.5976 47.1367
7.6076 45.8842
7.6176 46.1980
7.6276 46.4172
7.6376 47.3575
7.6476 47.1714
7.6577 50.5368
7.6677 47.3108
7.6777 47.1088
7.6877 46.2519
7.6977 48.3185
7.7077 47.2333
7.7177 47.3061
7.7277 48.2159
7.7377 47.5100
7.7477 49.3021
7.7578 49.2532
7.7678 50.2998
7.7778 47.6948
7.7878 50.7357
7.7978 49.8709
7.8078 47.8445
7.8178 46.9385
7.8278 49.8932
7.8378 47.8386
7.8478 52.0875
7.8579 48.3288
7.8679 49.7241
7.8779 51.2930
7.8879 46.0967
7.8979 51.3898
7.9079 51.4652
7.9179 51.7812
7.9279 48.9706
7.9379 49.7933
7.9479 48.5401
7.9580 50.8708
7.9680 53.3418
7.9780 49.8506
7.9880 47.6856
7.9980 49.3862
8.0080 50.8770
8.0180 50.5080
8.0280 51.4583
8.0380 51.1687
8.0480 49.2795
8.0581 50.7697
8.0681 52.7085
8.0781 47.9556
8.0881 52.7502
8.0981 51.1473
8.1081 49.6966
8.1181 48.3134
8.1281 49.2532
8.1381 53.7739
8.1481 51.1050
8.1582 48.7351
8.1682 50.7612
8.1782 50.2813
8.1882 49.4575
8.1982 51.4319
8.2082 52.2426
8.2182 52.6908
8.2282 52.3572
8.2382 53.7241
8.2482 51.9594
8.2583 52.4572
8.2683 50.4222
8.2783 49.2596
8.2883 52.0167
8.2983 53.5270
8.3083 50.0189
8.3183 51.8465
8.3283 54.3953
8.3383 52.2092
8.3483 50.9143
8.3584 54.0194
8.3684 54.3738
8.3784 51.4171
8.3884 52.0183
8.3984 53.4664
8.4084 53.6958
8.4184 55.2352
8.4284 53.5174
8.4384 54.5388
8.4484 54.5687
8.4585 53.9089
8.4685 53.7903
8.4785 54.8208
8.4885 56.5155
8.4985 52.9719
8.5085 53.6039
8.5185 53.5908
8.5285 54.6433
8.5385 53.0207
8.5485 55.4867
8.5586 52.3447
8.5686 54.8680
8.5786 51.6979
8.5886 53.1064
8.5986 50.7427
8.6086 57.4370
8.6186 52.5432
8.6286 53.8560
8.6386 57.2823
8.6486 53.4128
8.6587 57.3544
8.6687 55.8889
8.6787 57.2810
8.6887 54.2785
8.6987 54.3056
8.7087 57.3515
8.7187 55.3331
8.7287 55.8207
8.7387 56.3921
8.7487 53.3419
8.7588 54.4045
8.7688 56.4957
8.7788 56.0417
8.7888 54.8611
8.7988 54.3315
8.8088 55.9244
8.8188 56.4976
8.8288 55.7760
8.8388 56.8088
8.8488 56.8064
8.8589 54.1202
8.8689 58.1426
8.8789 55.9748
8.8889 55.6269
8.8989 55.1624
8.9089 55.8389
8.9189 56.7379
8.9289 54.5681
8.9389 56.7090
8.9489 55.0316
8.9590 55.5921
8.9690 56.5073
8.9790 56.6241
8.9890 57.4870
8.9990 55.7733
9.0090 58.1271
9.0190 57.2457
9.0290 55.8018
9.0390 57.5437
9.0490 56.5779
9.0591 58.2046
9.0691 57.7035
9.0791 59.3395
9.0891 56.9806
9.0991 57.3403
9.1091 58.5559
9.1191 55.8806
9.1291 57.6837
9.1391 59.0884
9.1491 59.0102
9.1592 58.1617
9.1692 55.8439
9.1792 58.6379
9.1892 58.9502
9.1992 60.8460
9.2092 57.7061
9.2192 57.5547
9.2292 60.3178
9.2392 60.2577
9.2492 60.6986
9.2593 55.4336
9.2693 61.3536
9.2793 60.7199
9.2893 58.4223
9.2993 58.9376
9.3093 58.1651
9.3193 56.2390
9.3293 61.8281
9.3393 61.3265
9.3493 60.8999
9.3594 60.4424
9.3694 61.2055
9.3794 59.9137
9.3894 60.9659
9.3994 59.5686
9.4094 59.4870
9.4194 59.8074
9.4294 61.4345
9.4394 59.1615
9.4494 63.0220
9.4595 60.6405
9.4695 62.5687
9.4795 58.8941
9.4895 60.6347
9.4995 58.4316
9.5095 62.1114
9.5195 59.6334
9.5295 60.4152
9.5395 62.1726
9.5495 58.2349
9.5596 61.9680
9.5696 60.0446
9.5796 60.5172
9.5896 60.4820
9.5996 63.2248
9.6096 62.3410
9.6196 62.6301
9.6296 61.8995
9.6396 62.0945
9.6496 63.5871
9.6597 64.6833
9.6697 62.1024
9.6797 64.4562
9.6897 61.4910
9.6997 62.0326
9.7097 59.4361
9.7197 64.0950
9.7297 62.9916
9.7397 63.1226
9.7497 61.8887
9.7598 62.5866
9.7698 63.2819
9.7798 63.9949
9.7898 61.5157
9.7998 61.3453
9.8098 60.6966
9.8198 64.6320
9.8298 60.8096
9.8398 64.3423
9.8498 64.3076
9.8599 65.1744
9.8699 67.6912
9.8799 62.8572
9.8899 63.1117
9.8999 64.8227
9.9099 66.0463
9.9199 63.6265
9.9299 64.9422
9.9399 62.3924
9.9499 67.2459
9.9600 65.3952
9.9700 66.5042
9.9800 65.2356
9.9900 64.8016
10.0000 66.3329
